[["quadratic",12,20,[[0.50293114,0.09435041,0.06412876,-0.08899995,0.07638469,-0.09656588,-0.10076097,-0.07374525,0.12609235,0.13195183,-0.00534588,0.09894273],[0.09435041,0.2904925,0.16023871,-0.05818924,-0.03379408,-0.04299072,-0.07719919,-0.05936552,0.0332659,0.21086499,-0.08648824,0.1200333],[0.06412876,0.16023871,0.35067065,-0.03457901,-0.08861785,0.00369628,0.01137635,-0.1360934,0.00832049,0.20022648,0.0630731,0.09483125],[-0.08899995,-0.05818924,-0.03457901,0.30745136,0.0615716,0.09478781,-0.08827431,0.05600876,0.11710828,0.06110549,0.06236955,-0.11958961],[0.07638469,-0.03379408,-0.08861785,0.0615716,0.32430574,0.03887313,-0.08871931,0.04876705,0.09732697,0.00278844,-0.07775061,0.04790879],[-0.09656588,-0.04299072,0.00369628,0.09478781,0.03887313,0.21633129,0.01738202,-0.05987917,-0.0521863,-0.02591389,0.07064288,-0.01970391],[-0.10076097,-0.07719919,0.01137635,-0.08827431,-0.08871931,0.01738202,0.36409985,-0.0779761,-0.1010283,-0.11755283,0.0757783,0.00537717],[-0.07374525,-0.05936552,-0.1360934,0.05600876,0.04876705,-0.05987917,-0.0779761,0.30791304,0.12840923,-0.05793049,-0.05831554,-0.02721001],[0.12609235,0.0332659,0.00832049,0.11710828,0.09732697,-0.0521863,-0.1010283,0.12840923,0.31622712,0.11187045,-0.04905142,-0.00704854],[0.13195183,0.21086499,0.20022648,0.06110549,0.00278844,-0.02591389,-0.11755283,-0.05793049,0.11187045,0.42885774,0.00345577,0.06057288],[-0.00534588,-0.08648824,0.0630731,0.06236955,-0.07775061,0.07064288,0.0757783,-0.05831554,-0.04905142,0.00345577,0.41562722,-0.08136128],[0.09894273,0.1200333,0.09483125,-0.11958961,0.04790879,-0.01970391,0.00537717,-0.02721001,-0.00704854,0.06057288,-0.08136128,0.20992164]],[-0.3201939,0.44706495,-0.08612447,-0.15065494,0.04497926,0.24320134,-0.27398503,0.13810206,-0.13903843,0.25907516,-0.12564183,0.37171828]],["quadratic",12,200,[[0.26716435,0.14631045,0.0469896,-0.00282932,0.01548399,0.03302583,0.04393434,0.02818529,0.10820802,-0.00525467,-0.00792622,0.12663524],[0.14631045,0.15698354,-0.00837857,-0.15963534,0.03903452,-0.01162441,0.00863291,0.00476227,0.0220311,0.04811414,0.025495,0.02001221],[0.0469896,-0.00837857,0.10613535,0.05687556,-0.01445196,-0.00315012,-0.0152235,0.01637614,0.04173353,0.01836483,0.00912369,0.01061819],[-0.00282932,-0.15963534,0.05687556,0.63667225,-0.06103646,0.20332598,0.0512291,-0.0462707,0.07576828,-0.22606792,-0.0913927,0.23450598],[0.01548399,0.03903452,-0.01445196,-0.06103646,0.04229719,-0.00088207,-0.00243413,0.01828377,-0.03726744,0.02425439,0.03150002,-0.02718066],[0.03302583,-0.01162441,-0.00315012,0.20332598,-0.00088207,0.24751217,-0.00340217,-0.09158914,-0.12374957,-0.02966898,0.04321035,0.03158226],[0.04393434,0.00863291,-0.0152235,0.0512291,-0.00243413,-0.00340217,0.11049555,0.06117334,0.01728874,-0.03624422,-0.11664238,0.0793135],[0.02818529,0.00476227,0.01637614,-0.0462707,0.01828377,-0.09158914,0.06117334,0.14313699,0.05885159,0.01133808,-0.06102924,0.01529381],[0.10820802,0.0220311,0.04173353,0.07576828,-0.03726744,-0.12374957,0.01728874,0.05885159,0.31357306,-0.05770893,-0.08373876,0.17102349],[-0.00525467,0.04811414,0.01836483,-0.22606792,0.02425439,-0.02966898,-0.03624422,0.01133808,-0.05770893,0.15864157,0.05544712,-0.11269497],[-0.00792622,0.025495,0.00912369,-0.0913927,0.03150002,0.04321035,-0.11664238,-0.06102924,-0.08373876,0.05544712,0.17685622,-0.11610532],[0.12663524,0.02001221,0.01061819,0.23450598,-0.02718066,0.03158226,0.0793135,0.01529381,0.17102349,-0.11269497,-0.11610532,0.24856641]],[-0.01981071,-0.24233646,-0.19313609,-0.22944273,-0.11277498,0.00059286,-0.09824285,0.13982391,-0.01602108,0.3275711,-0.04938597,0.49112491]],["quadratic",12,2000,[[0.03081222,0.02128244,0.00825572,-0.04399525,0.01451578,-0.01910243,-0.01590292,-0.03015094,0.02094796,0.017213,-0.01917941,-0.00477478],[0.02128244,0.05039615,0.01900522,-0.03050419,0.05326882,-0.03302522,-0.00809448,-0.06186526,0.01610902,0.04019705,0.02535729,0.00314487],[0.00825572,0.01900522,0.08093794,-0.12598259,0.06279868,-0.06355029,-0.0520168,-0.03680925,-0.04524596,0.07085982,-0.03627941,-0.03634672],[-0.04399525,-0.03050419,-0.12598259,0.32263017,-0.11682297,0.1504243,0.16141024,0.09888407,0.05110363,-0.20307203,0.19327627,-0.03715268],[0.01451578,0.05326882,0.06279868,-0.11682297,0.15144255,-0.09408076,-0.05197913,-0.0713952,-0.03336055,0.12101348,-0.01455788,0.03866539],[-0.01910243,-0.03302522,-0.06355029,0.1504243,-0.09408076,0.09245909,0.07710707,0.06588274,0.04690607,-0.11450648,0.06520351,-0.0048556],[-0.01590292,-0.00809448,-0.0520168,0.16141024,-0.05197913,0.07710707,0.11792622,0.04695295,0.04998635,-0.14277039,0.1435204,-0.05680835],[-0.03015094,-0.06186526,-0.03680925,0.09888407,-0.0713952,0.06588274,0.04695295,0.11533207,-0.01943491,-0.10302486,0.01797787,-0.03530899],[0.02094796,0.01610902,-0.04524596,0.05110363,-0.03336055,0.04690607,0.04998635,-0.01943491,0.17891264,-0.01201619,0.0047105,0.1535254],[0.017213,0.04019705,0.07085982,-0.20307203,0.12101348,-0.11450648,-0.14277039,-0.10302486,-0.01201619,0.24601128,-0.16453575,0.16660576],[-0.01917941,0.02535729,-0.03627941,0.19327627,-0.01455788,0.06520351,0.1435204,0.01797787,0.0047105,-0.16453575,0.24005211,-0.14767329],[-0.00477478,0.00314487,-0.03634672,-0.03715268,0.03866539,-0.0048556,-0.05680835,-0.03530899,0.1535254,0.16660576,-0.14767329,0.37691149]],[0.0394088,-0.13461893,0.12616077,0.2075962,-0.18748693,0.33197098,0.25870817,-0.09754986,-0.12853035,0.10651668,-0.03641051,0.0169554]],["logistic",12,1,[[-0.715705,0.636225,-1.164653,0.735006,-1.1183,-0.391216,-0.38849,0.962148,0.264217,0.152176,0.756319,-0.219506,0.0],[0.285112,0.533298,1.18602,-0.549656,0.467599,1.004814,0.677338,-2.669086,-1.354384,0.850384,2.372272,-1.304744,1.0],[-0.6346,-1.200643,-0.529333,1.18864,1.72031,-1.053664,-0.006387,-0.06103,-0.50241,0.267678,0.67389,-0.37754,0.0],[-1.298606,0.770374,0.132247,0.238,0.294435,0.231818,0.629814,1.328148,-0.881712,0.664324,-0.899976,1.790517,0.0],[1.526231,0.010895,0.338381,-1.43167,-1.74881,2.627874,-0.212625,1.594136,1.601052,-0.01831,-1.68593,-1.424451,1.0],[0.69854,0.505379,0.531641,0.554436,0.79084,1.195416,0.585803,-0.743077,0.511767,-0.041885,-0.381363,0.270363,1.0],[0.579108,0.320817,0.637893,-0.445759,0.378508,0.606846,-0.548008,-0.19732,-2.135428,0.250305,1.122197,0.371749,1.0],[-1.13819,0.221785,1.065225,0.049992,0.778509,-1.181894,-0.084323,1.425903,-0.206041,-1.595488,-0.141864,2.181247,1.0],[0.077739,-0.348527,0.139643,1.015626,0.044002,-1.06879,0.036213,-0.296748,0.845447,0.119461,0.700166,-1.965231,1.0],[-1.684241,0.16092,-0.162929,-0.697085,0.241101,-0.11923,0.253687,1.001622,-0.548438,0.024224,1.210237,-1.170921,1.0],[0.120861,1.08787,0.778438,-0.557126,-0.983582,-0.529049,0.750937,1.127603,0.177125,2.737386,0.991977,0.095622,0.0],[-0.293738,-0.590258,-0.143696,-0.193462,0.117345,-0.395852,-0.454889,1.852433,1.880929,0.097113,-0.596822,-0.157327,0.0],[3.010007,1.450616,-0.740969,0.191254,0.458578,0.895401,1.601276,-1.526221,-0.833271,-0.401772,0.724111,0.759582,1.0],[1.079804,-0.242221,0.238251,0.773633,-0.493148,-1.789503,-0.038112,-0.029917,0.245007,-1.65002,0.309426,-2.995367,1.0],[-0.152551,-0.769676,0.272958,-1.018659,1.045569,1.118215,-0.152663,0.450937,0.890116,1.182307,1.947326,-0.08816,1.0],[2.28337,-0.259918,-0.085975,-0.612395,0.089548,0.52797,0.009009,0.476053,-1.203001,1.172198,-0.891988,-1.20892,0.0],[0.469165,-0.201396,-1.051184,-0.418916,1.846093,1.321285,-1.818929,1.742225,-1.186035,0.120688,0.248685,-0.112104,0.0],[-0.977181,-1.542971,-0.806649,-1.09611,-0.18705,1.030944,0.692149,0.050815,-0.840052,-0.45176,-1.178691,0.105997,0.0],[-1.086777,-0.01858,-0.438839,0.611879,0.777098,-2.114839,-0.871001,-2.348783,0.401293,0.35095,1.119252,-0.24273,0.0],[-0.887426,0.200082,-0.861354,0.978788,0.802434,0.076717,0.351023,-0.092161,1.092556,-0.654545,-1.041151,-0.317013,0.0],[-2.114143,-0.033117,0.077744,-1.730964,-0.367498,1.044186,-0.195726,0.078919,-1.053829,-0.784962,0.653982,-0.120148,1.0],[0.348027,0.916911,-0.504424,1.33953,-0.284431,-0.045124,0.608606,-0.833544,-0.743767,-0.236617,0.576975,-0.041496,1.0],[-0.903601,1.295817,-0.328935,1.056263,-0.282973,-0.434808,0.460781,-0.185636,-0.308255,-2.268775,0.64118,-0.018616,1.0],[0.524482,-1.128157,0.312285,0.517223,0.541688,0.03469,0.073232,-2.284346,-2.172174,-0.816582,-0.48517,0.488486,0.0],[-0.210067,-0.242909,0.695276,-1.6031,-0.738594,-0.461023,0.233375,-1.145617,-1.510731,-0.991619,-0.494047,0.316689,1.0],[1.030024,0.438128,0.683736,0.060841,1.23925,1.171792,0.821062,-0.165114,-0.73671,-0.626739,-0.035505,-1.229465,1.0],[-1.02349,0.600421,-0.538957,0.279037,-0.533709,-0.409887,-0.727277,0.20428,-0.374877,1.300466,0.271167,0.560209,0.0],[-0.343506,-0.150166,0.301165,0.091486,0.857545,-0.118274,1.511533,0.379044,-0.634907,-1.934414,-0.374704,-0.676629,1.0],[1.818163,-0.887573,0.28505,-2.05577,-0.017626,-0.096648,1.036692,1.267336,0.651799,1.790092,-0.814731,0.236054,0.0],[1.010072,-0.780845,1.549421,-0.262196,0.851154,-0.382942,0.048161,-0.086171,0.639929,1.555099,0.414301,0.595701,1.0],[0.325636,0.259713,-1.285565,0.398572,0.410063,1.304704,0.82411,-0.781778,0.449205,-1.629717,0.392824,0.704478,1.0],[-1.124073,-0.962182,0.415095,0.460575,-0.817432,-0.222923,-0.005031,-2.511615,1.472387,-1.706285,1.002952,-0.213226,1.0],[-0.817018,1.006173,-0.606948,0.587741,0.226001,0.672887,1.259341,0.152608,-0.540338,0.461084,1.763164,0.837805,1.0],[-0.34377,-1.004448,0.2602,-2.825785,0.577299,0.633192,0.674037,-1.302643,0.637246,-1.763681,0.840376,0.135282,1.0],[-0.198233,-0.274271,-0.104543,-0.624939,0.089176,0.084784,-0.616329,-0.669367,0.038923,1.480334,1.147178,0.29131,0.0],[0.364153,-2.452943,-1.723011,2.242973,-1.097956,0.077284,-0.576007,-0.814769,0.092217,1.050738,0.696414,1.095314,0.0],[-0.705751,1.422852,-0.403325,2.074067,-0.082674,0.21771,0.045222,1.028828,0.286565,1.211432,-1.494504,0.061925,0.0],[-0.974218,0.537246,-0.335505,-1.125035,-0.576707,-0.619291,0.140295,0.405498,0.035033,1.146925,0.710608,0.849237,0.0],[-0.814044,1.013344,-0.016237,-0.561587,0.648613,0.053469,-0.198529,0.546075,0.844434,0.14264,-0.275366,1.338728,0.0],[0.382377,-1.418788,-2.471476,0.479057,-1.302508,-0.421048,1.155045,0.493435,2.699933,-0.742538,-0.924467,0.97918,0.0],[0.339875,1.308059,-0.733377,0.773932,0.05956,-0.719466,0.379672,0.859629,-0.71812,2.01582,0.298929,-0.38511,0.0],[-1.019556,-0.524581,1.185992,-0.328514,1.218762,0.707622,-1.214714,1.070116,0.272033,-1.092756,1.202561,-0.871906,1.0],[-0.306938,-1.505543,-0.179166,-1.667339,2.398029,0.186827,-0.910453,-0.009903,0.314723,-1.040563,-0.774127,-0.852875,1.0],[0.116766,0.771458,1.621373,-0.487553,-1.42258,0.715027,1.201362,2.270624,-1.491246,-0.076666,0.94877,0.838771,1.0],[-1.060999,0.106534,2.160144,-1.853242,-0.789643,0.862833,-0.60012,-0.801794,-1.026474,0.440044,0.271327,-1.066272,1.0],[0.191408,-1.036619,-0.753882,1.673645,-0.116275,-1.265899,0.65251,0.582433,-1.515484,-0.149227,-1.042243,0.341795,0.0],[0.680283,-0.434673,-0.083327,0.446939,0.346326,0.640451,-0.815067,-0.840871,-0.80097,0.664696,-2.022728,0.526426,0.0],[-0.568847,-0.551833,-1.203864,0.453073,0.642346,0.216405,-1.369539,1.218499,0.245038,1.773565,0.411373,-0.340954,0.0],[-1.267118,0.108466,-0.933683,-0.005627,0.300958,1.718267,0.936892,-0.309481,-1.820435,-1.11034,0.176994,-0.004793,1.0],[-0.044367,-0.238452,0.484126,-1.366836,-0.657797,-1.458648,0.299909,0.589784,1.399633,-1.447896,-0.620076,-0.051096,1.0],[-0.768865,-0.854506,-0.566883,-0.400171,0.342847,1.626892,0.470844,-0.807789,-0.367219,0.094162,-1.88903,2.488306,0.0],[1.576873,-0.60695,-1.484376,-1.297616,-0.778696,0.593871,0.866348,0.459592,0.060371,0.84642,-0.068132,0.925871,0.0],[2.027861,0.158099,-2.888954,1.320866,0.636784,0.185172,1.012349,-0.138814,-0.114267,-0.067442,0.409369,-0.246809,0.0],[-1.417052,0.225758,-1.516554,1.51033,0.815285,-0.744599,1.267349,0.119822,-0.964917,0.390651,0.832516,-2.361877,0.0],[-2.123149,-1.248968,-2.30405,0.412465,1.242471,0.156327,0.277307,-0.052451,-0.510246,-0.533616,-0.573906,-1.000762,0.0],[-1.132542,-3.235769,-0.609562,-0.514151,2.108539,-1.195382,-0.666819,0.726679,0.142792,0.088301,0.129968,0.840078,0.0],[-0.110729,1.172742,0.600112,0.700472,-1.037852,0.375004,1.27084,-0.701072,-1.177642,1.202652,1.304576,0.1617,1.0],[-0.412246,-0.44372,1.960902,-0.533816,2.021484,2.0488,0.165443,-0.821398,-1.837865,0.347564,-0.656999,-0.564514,1.0],[-0.199896,0.713089,-0.680013,2.028549,-0.010604,0.22626,-0.495954,-0.308987,0.57752,0.187244,-0.033306,0.898018,0.0],[-0.49928,-0.407703,0.919118,-1.41525,-1.388458,0.750815,0.178959,-0.301368,1.28825,-0.719719,-0.257377,-0.216669,1.0],[1.518046,-1.208053,0.085575,1.190958,-0.588222,0.424432,-0.46884,-0.76678,-1.212001,0.6837,0.846967,-1.056891,0.0],[-0.40215,0.273917,0.23945,0.078682,-0.310779,0.347913,-0.24198,0.568648,1.366526,-0.423747,-0.908406,2.031388,0.0],[-1.305706,-0.954624,-0.863083,0.718992,-1.157961,0.019061,-1.896626,-0.133603,-0.472352,-0.930355,-1.040941,0.513984,0.0],[1.061551,-0.894887,0.445714,0.185473,0.010878,-0.495392,0.625403,0.903985,-0.006049,-0.224854,0.632081,0.604955,1.0]],[[2.22562,-2.026233,-0.103803,0.741987,-0.080623,0.987526,-1.132562,0.419076,0.196426,0.591621,-0.78009,0.489154,0.0],[0.716184,0.956575,-0.392825,-1.367278,-1.740724,-0.980643,0.506434,0.32976,1.551513,2.139224,-1.199293,-2.128212,0.0],[-0.570774,0.540147,-0.643771,1.959522,-0.619283,0.562224,-0.593844,-0.059527,0.088541,-0.27409,0.248726,-0.632259,0.0],[0.438208,0.684038,-1.41105,0.188266,0.438204,-0.767833,1.281243,-0.143258,-0.749501,-0.094292,0.228275,0.42584,1.0],[0.777804,-0.227488,-0.522065,-0.070708,-0.493275,0.910023,0.118405,0.035278,1.677806,-1.795457,-2.313391,-0.767811,1.0],[0.407527,-0.650189,1.778014,0.402698,-0.287518,-1.012736,0.661171,0.457929,0.925772,0.260997,-0.050832,1.166269,1.0],[-1.153199,0.768433,1.316572,1.532935,0.415837,1.380031,0.00676,-0.218097,0.01777,-0.021525,-1.006292,0.102166,1.0],[0.632298,-0.558986,0.489908,0.035978,0.371484,0.874476,0.562054,0.190068,-1.471583,-0.304314,0.879488,-0.213582,1.0],[1.06098,1.347214,0.147411,-0.733388,0.919725,-0.326587,-1.082921,-0.603246,0.024186,0.456801,-1.314757,0.004389,0.0],[0.146844,-0.400093,-0.927951,-0.684699,0.448948,-0.40656,0.961093,0.257792,1.209704,-4.024728,0.724835,3.273878,1.0],[-0.321556,0.846485,0.307859,-1.134057,1.547284,1.887974,-0.241467,1.734698,-0.216672,-0.299008,-0.042961,0.150506,1.0],[-0.231598,0.22518,0.279366,0.641327,1.385198,1.000162,-0.579546,-0.584718,-0.6219,-0.430382,1.254491,-0.1297,1.0],[-0.255798,-0.783945,1.498888,-1.954987,-0.516429,2.672847,0.50645,-1.383984,-1.684507,-2.033814,1.119067,1.485059,1.0],[-0.188955,2.48595,-2.333344,-0.307447,-0.314486,0.778594,0.794048,1.053824,-0.891574,0.153411,0.621506,0.602526,0.0],[1.47492,0.949016,-1.397438,-0.098898,-1.74456,-0.021697,0.918109,-1.129382,-0.872157,-0.780397,-0.981986,-0.532449,1.0],[0.285655,-1.514654,0.543002,0.171377,1.646686,-2.031456,1.88955,0.118568,-0.043944,-0.815811,-1.134848,2.103992,1.0],[0.718414,-1.297037,-0.564415,-0.216367,-0.452522,0.017115,-0.799552,0.997496,1.720968,0.006806,0.245548,1.570085,0.0],[-0.536015,-0.811887,-1.38735,-0.727391,0.839508,0.264446,-0.31344,1.093675,-0.650016,0.373652,-0.167462,-0.456865,0.0],[-0.236078,0.520374,-0.723774,-0.331074,1.640667,0.076986,-0.540594,0.688259,0.117741,2.130285,-0.965953,1.727218,0.0],[-0.554271,-0.237081,-0.135658,0.053366,0.818496,-1.356982,-0.037828,1.038563,-1.153474,-0.040247,1.639666,0.366463,1.0],[-1.200726,0.388483,0.452176,-1.921054,-0.632928,0.712387,-1.017799,-0.234344,-0.049377,-0.068537,-1.189136,1.118721,0.0],[0.034304,1.565643,0.812886,1.907065,1.191413,-0.602457,0.179763,-1.791682,0.315229,0.058527,1.263369,1.597176,1.0],[-1.413599,-0.393195,0.136056,-1.678334,0.659428,0.895865,-1.794107,0.69782,-0.181028,-1.27492,0.177038,2.465395,0.0],[0.703666,-1.08153,-0.030072,-0.412793,-2.37195,-1.116126,1.080289,-1.96157,0.157774,0.791466,1.311701,0.756721,0.0],[1.083978,-0.541388,-0.419745,0.725463,-0.945354,0.438487,-2.005991,1.601199,-1.781567,0.721013,-0.057464,1.056075,0.0],[-0.148757,0.746685,-0.359213,0.875727,-0.485872,0.677421,-0.622281,1.908941,-0.721235,1.702124,-0.768486,-0.682854,0.0],[0.499452,0.974366,0.259136,1.939324,-1.356363,0.224925,0.031043,0.753756,-1.743904,-1.885757,-0.362512,-1.290317,1.0],[0.356979,0.875072,0.460776,-0.07725,-0.605122,0.347835,1.409508,1.062671,1.926926,-0.059733,-1.145547,0.175678,1.0],[0.35501,0.862361,-0.322377,-0.365459,-0.307047,-0.671623,0.225233,0.143394,2.256056,-0.513407,0.563371,-1.234595,1.0],[0.522713,1.012141,-1.39179,-0.296821,-0.47298,1.049025,-1.044988,1.345007,-0.276167,0.570907,0.909531,-0.160814,0.0],[1.815348,-1.143742,-0.396102,-0.922092,0.02397,-1.497281,-0.486076,-0.560817,0.419759,1.475245,0.359502,0.667064,0.0],[0.429605,-1.540799,-1.418014,1.184094,0.038376,0.216016,-0.368631,1.393319,0.151851,0.11769,0.19422,0.402514,0.0],[-0.339379,-0.805473,-0.916298,0.364545,0.049529,-0.210734,-0.830785,-0.157705,-0.623259,-1.026475,0.050926,-0.710917,0.0],[0.556783,-0.721855,-0.245073,-0.394864,0.172017,0.465392,1.763649,1.330285,-1.415607,0.554296,1.192708,0.416669,1.0],[-1.439678,-0.356383,0.405179,-0.227225,1.1231,-1.046676,0.217622,0.057457,0.413249,0.522351,-2.160775,1.609319,0.0],[-0.201531,-0.331673,-1.000271,-0.40793,0.959013,-0.081462,0.788721,-0.465964,0.998276,1.61034,-1.231446,0.529493,0.0],[0.42003,-0.105869,-0.248756,0.092032,0.259124,1.168208,-0.798018,-0.654214,-0.566792,0.350562,2.104974,1.469464,0.0],[0.628374,-1.727247,0.994432,1.787997,0.143888,1.301805,0.746995,0.365269,0.347464,0.709748,0.327556,0.059152,1.0],[1.695585,-0.113896,2.432851,-0.37904,-0.831391,0.401328,-0.908182,0.703276,0.197226,1.547638,-0.171705,0.166365,1.0],[-0.533806,0.506603,0.344889,-1.059326,-1.449962,-0.59568,-1.313221,-0.201703,1.07222,1.040202,-0.89682,0.364585,0.0],[0.201327,-0.834287,-1.145654,-1.228655,-0.148489,-0.753587,0.904106,0.350408,0.447777,0.061609,-0.944272,-2.163858,1.0],[-1.251217,0.217264,0.567392,-0.160021,0.220025,-0.633867,0.728611,2.365017,-1.314565,0.056212,-0.238474,1.095182,0.0],[1.303698,-0.455673,0.537268,1.07438,-0.953489,-0.890994,0.911361,-0.477333,0.885992,-0.828795,1.193262,-0.957515,1.0],[-0.571138,0.297261,-0.318136,0.27611,1.461244,0.299599,-0.943099,0.212187,-0.788152,-0.728167,-0.917255,0.140108,0.0],[0.904237,0.161217,0.797817,1.011677,-0.361881,-0.399073,-0.190307,-0.155019,-0.562283,-0.64006,1.027667,2.235306,1.0],[0.170089,0.879259,0.923681,-1.295317,1.240548,-0.49891,1.512201,-0.125194,0.125624,2.165232,-1.04139,1.155751,0.0],[0.736708,-0.715795,-0.969936,0.255939,0.193234,-0.918691,0.1714,1.501939,-0.130193,0.043077,0.01615,0.256645,0.0],[-0.374563,1.608655,0.50974,0.708658,0.696082,-1.195171,-1.673034,0.452034,0.763738,0.15067,0.765201,-0.205243,0.0],[1.065251,0.090126,1.557771,0.459941,-0.60801,0.17873,-0.024799,-0.241391,0.751562,1.18336,0.841625,0.429086,1.0],[-0.526407,-0.546649,0.2445,-0.359303,-0.205968,-1.069344,-1.452745,0.68393,-0.613554,1.074359,-0.020788,0.144323,0.0],[-1.144204,0.592628,0.031987,-0.405998,0.573091,0.366887,2.82526,0.03629,-0.75438,-0.312537,0.524626,0.919122,1.0],[0.234776,1.527346,2.183497,-0.999633,0.161146,0.532385,-1.638631,-0.232286,-0.981516,0.184697,-1.227115,0.318194,1.0],[-0.960351,1.227585,0.42848,-0.524009,0.447484,-0.554654,-0.279928,-0.097779,0.885043,-1.806122,-0.781493,0.779107,1.0],[1.683196,0.391528,0.786564,0.181715,0.754788,0.680843,-0.26363,0.823437,1.340965,0.041322,2.017076,1.291816,1.0],[-0.570697,0.558579,0.248727,-0.283875,0.152582,0.398908,2.083864,0.127772,0.620447,-1.548581,-0.356332,-0.284479,1.0],[-0.186746,0.296427,2.139065,-1.048741,-0.261408,1.967457,-0.524067,-0.691416,-0.506503,0.322449,-0.993894,-1.633109,1.0],[0.873984,0.977927,-0.276434,-0.318505,-1.131346,1.943881,-0.207229,-0.681638,-1.026102,1.259455,-0.562742,-0.272878,0.0],[1.294527,-0.438825,-0.953456,0.589744,-0.849359,0.426207,0.435504,0.825439,0.343491,0.496915,1.745381,-2.665978,1.0],[-0.958003,0.100972,1.024945,-0.433701,0.054588,0.385052,-0.765989,1.102678,1.363736,-1.143799,1.128941,0.893411,1.0],[0.856202,-0.044995,-0.958167,-1.919602,0.509867,1.070492,1.476679,-0.413836,-0.215705,0.293559,0.056611,0.258516,1.0],[-0.374695,-0.351908,0.023892,-1.857653,0.960897,-0.439945,0.499745,-1.015459,1.007534,0.931803,0.181186,-0.904304,1.0],[1.345762,-1.505791,0.81853,-1.475457,-1.696155,-0.886926,1.970197,0.481751,0.43523,-0.538371,-0.671654,0.274111,1.0],[1.298594,-0.789448,2.798037,0.707784,-0.087263,-0.646014,-0.015501,1.080206,-0.038993,-1.866898,-0.971854,-0.004795,1.0],[0.539589,0.061827,-0.481576,1.656178,-0.857416,0.938673,0.826436,-0.172679,-0.674644,-1.032941,-1.087041,1.790438,0.0]],[0.0,0.0,0.0,0.0,0.0,0.0,0.0,0.0,0.0,0.0,0.0,0.0]],["logistic",12,5,[[-0.707748,0.594433,-1.472114,-1.153503,-1.584339,4.740428,-2.814715,3.303639,3.635331,4.170935,7.04523,-12.090839,0.0],[1.417535,0.106767,1.232292,0.06755,0.322111,2.74974,-3.138277,-0.101977,1.468376,-4.370848,-0.421763,7.603494,1.0],[-0.156421,1.353597,1.665108,-2.167403,0.457234,1.924364,-0.322264,3.910909,0.460294,-1.533279,-5.066265,-3.129243,1.0],[0.444761,-1.23613,6.8e-05,-0.33562,-1.882605,2.839077,1.224658,2.059322,1.378983,-1.694944,2.738131,7.430163,1.0],[0.761683,-0.211151,-1.501817,1.012659,-0.499898,-4.691632,-0.380954,5.591499,-2.324942,1.394968,-3.238851,-1.424405,0.0],[0.777814,-1.737462,0.879669,1.840915,-0.254853,-4.986188,-2.583721,0.050393,-1.578738,1.989386,2.373461,4.430915,1.0],[1.951653,-2.141111,-1.046836,0.679853,0.431349,1.20914,5.050288,-1.794009,0.706556,3.104933,-2.955957,-3.320528,0.0],[-1.651399,1.539534,2.92737,-0.926546,-1.336069,0.74661,1.188,-4.424906,2.380784,0.810807,7.198722,-11.68657,0.0],[1.589086,-1.068615,-1.661449,0.1222,0.816398,1.01434,0.704859,-2.115752,3.210595,0.991354,1.199315,5.867655,0.0],[0.082872,-0.462663,-0.492061,-0.945117,1.874181,1.607468,-0.208991,-1.235322,3.884008,1.814014,1.87101,2.275244,1.0],[1.302428,0.282227,-0.940416,0.830625,-0.43234,0.432269,0.953652,2.084547,1.657108,-4.453082,1.75339,2.224064,0.0],[-1.474068,-0.48088,0.231447,-1.080483,-2.059548,-1.684791,2.402744,3.488121,-2.324166,4.608684,-5.955034,6.443376,1.0],[-0.446951,-0.628425,1.275061,1.22827,-2.584283,2.407616,6.138527,-1.000051,-1.793038,3.802329,-3.13028,5.759392,1.0],[0.726814,-0.986651,-0.123846,-1.550223,2.396808,0.578295,-2.484688,-1.345219,-3.286683,-3.103219,6.027832,-2.86215,1.0],[-1.195514,0.052635,1.121259,-2.034423,-0.477837,0.709956,0.097503,5.243092,5.947354,2.278009,-5.069032,0.531287,1.0],[-0.717707,0.872202,-1.608446,-2.031554,-0.489927,3.626062,-1.586393,2.310661,2.467618,0.293728,-0.592246,-0.084663,1.0],[-0.429929,0.532673,1.056829,2.601825,0.969847,4.096973,-2.938842,2.7452,-1.765228,1.154978,-0.938877,-10.477073,1.0],[0.269922,0.425058,1.065782,-0.840477,-2.898604,-2.203453,2.239409,-2.019219,-2.073712,3.960433,-5.941662,-7.666325,0.0],[0.09909,-0.353381,-0.251626,-2.044643,0.561937,-0.955637,3.109166,1.676525,2.8276,-0.959076,6.407839,7.362158,0.0],[0.326557,-1.377184,0.950616,0.143521,-0.426445,-0.828045,-1.756373,-2.542755,-6.11778,-6.699762,-5.382694,-0.568105,1.0],[2.279616,-0.729938,0.364097,-1.903107,-0.621566,-3.85014,1.748996,-0.349448,6.518002,-0.570962,4.942053,8.275503,0.0],[-0.500446,1.317528,-0.635493,-3.531101,0.204124,0.402237,-3.067043,-0.851724,-5.410931,4.458804,0.892077,0.955007,1.0],[0.899303,1.796254,1.588834,2.520529,-0.203975,-1.359845,3.146258,-3.954938,-2.038866,-4.249255,-2.304099,-1.808886,0.0],[0.311033,0.694848,-1.749289,-1.1774,-2.582241,1.84114,1.924901,-0.012722,-2.355091,6.891878,0.770344,-1.182301,0.0],[-1.001625,0.350789,0.527115,0.69551,1.778731,1.717721,-1.11183,-3.355756,5.662961,-5.234089,8.254064,6.548187,0.0],[1.016905,0.683263,-0.559949,-1.071128,0.702133,0.602093,-2.411499,1.006964,-2.259824,-6.624744,-1.451773,1.317761,1.0],[0.268238,0.951217,-2.117772,0.016826,2.158083,-0.211946,-1.902696,3.32783,6.600776,0.544611,6.202701,0.39933,0.0],[2.27896,1.3668,1.570783,1.164589,0.668953,0.497373,0.504898,1.494916,-0.664344,0.778039,-3.664529,1.898743,0.0],[0.434336,0.387027,1.661475,-0.203981,-0.512649,-0.950418,1.18349,3.928623,2.249331,-4.242056,-1.221822,-7.056049,0.0],[0.740118,-0.85996,1.320688,2.152902,0.469033,1.037128,1.044214,-1.132181,-0.838828,-4.460679,-0.118914,5.344878,1.0],[0.341931,-2.042025,-1.043672,-1.394919,1.987211,0.594125,-6.544267,-3.093847,3.621937,-5.180664,-2.959077,-3.79652,1.0],[0.312611,1.003374,-0.308807,0.001574,0.413677,0.366011,-0.73702,2.662164,3.308055,9.897256,-10.533939,1.589139,1.0],[0.167622,-1.089128,1.865828,-0.142412,2.046681,2.425617,0.282661,1.839549,-3.715121,-0.379806,-3.314798,9.651641,1.0],[-0.010165,-1.007249,-0.535322,-0.703768,2.12056,2.159393,0.98067,-2.538605,-5.404706,-1.896423,6.257059,-2.011075,0.0],[1.313332,-0.451632,-0.423296,-0.225192,1.813099,2.534385,0.126026,-3.307759,-2.420327,2.241397,9.246101,9.147813,0.0],[1.462146,-0.359289,0.086991,-2.513051,2.545098,0.558093,-3.936354,-2.574187,3.735281,-0.644602,2.229422,-2.066763,1.0],[0.788926,-2.94085,-0.154291,1.679434,0.231266,6.001744,2.298498,-0.045139,3.356255,0.101244,-2.719899,-9.461726,1.0],[0.775814,-1.873986,1.645463,0.04796,-1.633155,-0.030033,-4.511868,-2.792337,-0.316483,-1.053267,-2.373694,-3.047031,1.0],[-0.417807,0.362915,-0.488376,1.123682,0.066413,0.736189,0.158023,1.816021,2.400965,-0.040306,-2.025504,9.307604,1.0],[-0.271382,-0.277661,1.781637,-0.388115,0.262579,-2.058831,0.743374,0.487294,0.10108,-2.962727,-3.397724,3.547898,1.0],[1.378901,-1.195324,1.956971,1.702311,0.908081,0.671502,1.845062,4.432041,-1.026002,5.519912,4.025034,1.885304,1.0],[-1.027097,0.300989,1.312642,2.174142,0.071486,2.007304,3.042133,-0.498648,-0.573078,-4.658334,-5.325401,-3.797283,1.0],[2.882332,0.23706,0.285908,-0.552124,2.6222,-0.960868,-1.439564,-1.007493,-4.373915,6.431815,-1.140444,-1.185511,1.0],[0.344243,0.177637,0.290887,-0.465849,1.159579,-0.727875,4.162512,0.062868,-1.50014,11.152688,-6.635967,6.904122,1.0],[-0.448317,0.039823,-0.022888,0.754832,1.469369,-1.6519,2.497336,2.042274,-3.344837,1.473809,8.492006,-1.438565,0.0],[-0.491465,-1.134923,-0.480762,1.554404,-0.21745,-1.22744,1.445971,-0.962583,4.808824,2.440053,5.911489,1.111618,0.0],[-1.051476,-0.967519,2.440402,-0.377752,-2.438585,1.119135,-1.351358,2.990321,0.440214,-3.946752,-3.00114,1.518455,1.0],[0.506248,1.092834,-1.505257,1.785243,-0.761889,0.608266,3.187569,0.682124,-6.506452,4.006719,-1.399682,2.505054,0.0],[0.652749,-1.113535,-0.211047,-0.079132,-0.552939,2.570004,-2.018277,-1.478167,3.365081,-7.081395,1.204603,-4.150207,1.0],[-0.871531,-0.663574,0.828227,0.437771,-0.075417,2.644109,-0.566356,0.578857,1.473286,-1.153092,-2.889674,-2.75171,1.0],[-0.315553,0.130645,0.57272,-1.524731,2.550131,-0.790631,1.59881,0.371079,3.947468,8.829253,-1.104704,3.963823,1.0],[-1.878201,1.614627,1.045307,1.223469,-0.208585,-1.32123,-3.081294,0.700028,0.766824,-1.354905,3.284186,4.249607,0.0],[0.504808,1.596929,-0.845086,-1.704272,-1.006737,-3.018129,-0.214858,-3.043468,-2.757248,-1.983599,1.746022,0.66789,0.0],[0.031392,0.036861,-0.148478,1.358626,-0.907932,2.203073,0.103676,-2.219899,-0.790853,-7.310771,3.010527,-10.224439,0.0],[0.391345,-0.779858,-2.171805,0.510166,3.490973,3.738015,1.78447,-1.694977,1.55243,6.694053,6.004784,0.977945,0.0],[-0.133418,-0.474534,-0.405998,-2.500291,-0.67504,-3.311321,-1.12401,-0.332997,6.095174,-3.433772,1.312052,-2.953145,0.0],[2.138529,0.371895,0.437104,-1.513142,-0.363998,0.890336,-1.46641,-0.595843,-1.851835,-4.026639,-4.901469,-2.282151,1.0],[0.323637,-0.864313,-0.71661,0.901765,-1.612713,1.657472,-3.617188,-0.056932,5.010126,-0.11161,8.232479,4.358308,1.0],[-0.393973,-1.151583,-0.05957,-1.441145,4.126923,1.262528,5.501702,-5.118533,2.233079,1.420784,-0.10413,-1.563208,0.0],[1.437327,-1.90739,-1.358513,1.137713,0.066035,-1.799658,1.173135,0.198533,-1.709392,0.602351,-3.268751,-6.458119,1.0],[1.699216,-0.14115,-1.702494,-0.198958,0.98449,-2.13694,1.299157,-1.776238,-4.658182,3.075988,3.380716,0.163672,0.0],[0.628108,1.447629,-1.488791,-1.359169,-1.661139,0.062683,-1.049763,1.747969,-1.528017,-1.11011,-7.821816,5.356808,1.0],[0.331457,-3.036885,-0.372197,0.001201,-1.21126,-1.288817,-0.167854,-1.485977,1.793787,2.064737,2.416117,1.228489,1.0],[0.486572,0.190655,0.255882,-1.944654,-2.643127,-2.065553,-2.629608,0.622438,-2.203873,0.350984,-2.898704,-2.608036,1.0]],[[1.486332,-0.374207,0.718167,-0.498619,-0.001627,0.453527,0.227138,6.143553,1.907692,0.98074,-10.699463,4.330722,1.0],[0.558343,-0.409033,1.665626,2.379708,-1.261533,-1.989504,-1.395357,-1.771829,-1.227098,-8.300761,3.103861,-7.268829,0.0],[-0.53285,0.807696,-0.031362,-0.674611,-3.42041,-1.817489,-3.493066,2.492477,-1.649749,-1.253463,1.795871,1.137987,1.0],[1.200307,-0.925343,0.321718,1.055473,-0.0829,3.220311,0.795044,-2.910592,0.96159,-1.428029,-5.358846,-2.804141,1.0],[1.817263,0.272461,0.855654,-0.858691,1.308849,3.66552,-2.926252,-0.844813,0.35131,-2.55757,5.409957,2.164083,1.0],[-0.078207,-1.958129,-1.463271,2.435154,-2.547479,-0.362847,-1.131959,-1.030471,1.619606,4.347045,2.132235,-2.232609,0.0],[1.007211,-0.474518,0.378328,0.660984,-0.257483,1.044677,1.973154,-1.778868,2.534788,-1.242081,0.66108,-7.350873,0.0],[0.442969,1.313901,0.40582,0.72403,-0.063606,-4.012684,2.592096,-2.089576,-0.60732,3.860026,-2.661872,1.367488,0.0],[1.101784,0.12474,-1.019758,1.34879,1.71172,2.548394,-0.374568,-2.577678,0.649584,-0.950357,3.721124,-3.539505,0.0],[1.054069,-1.076031,-1.672916,-2.207212,-2.270707,-2.569587,0.726818,-1.993623,3.558547,1.908766,-2.80159,3.68119,0.0],[-0.701229,1.085298,1.789281,2.09704,-0.66955,-2.795602,-2.016689,-1.143196,-4.210248,-1.978802,0.851615,3.046589,0.0],[-0.527773,0.037225,-0.605975,0.28699,2.79757,-2.252233,2.882889,-0.126622,-0.682852,1.38678,0.342055,-6.473627,0.0],[1.25725,-0.879079,0.461587,-0.889185,-3.184125,-0.736454,3.937205,1.194008,-6.368804,1.942536,-5.036456,9.584172,1.0],[1.100115,-1.723138,0.918611,-1.214172,-0.419943,1.043227,3.282214,6.530528,-2.01974,-0.243015,-3.045734,-3.612417,1.0],[-0.951191,-0.076877,1.301741,-0.980881,-0.993235,-1.61106,1.8621,-2.645601,-2.686138,-5.276529,-3.878438,-4.659538,1.0],[-0.91331,1.972051,-0.562475,1.182001,1.35655,0.870782,-0.769403,-1.214502,6.518546,3.868333,-1.049072,-6.871367,0.0],[-0.502008,1.199807,0.830052,1.990972,2.184816,2.429195,0.789637,0.161158,1.686286,1.371052,-8.690778,4.64196,1.0],[0.981328,0.177667,0.868292,-0.339698,0.046788,1.428506,0.043071,1.403882,0.831117,-0.233438,1.672784,0.993844,1.0],[-1.422717,0.675951,0.655543,-2.69141,0.180431,-0.250687,-1.360578,-0.332165,1.84847,-6.524005,-3.701357,-5.079742,1.0],[0.443887,0.820164,-1.085925,0.594616,1.032106,-1.703307,2.35343,0.03332,0.421364,3.02791,3.310216,-0.75849,0.0],[-0.503703,-0.221999,-1.978739,1.223099,2.640453,-3.121033,2.304055,1.592131,-1.885211,1.217049,0.253566,3.171137,0.0],[-0.286329,0.860787,0.118332,0.330234,-3.166656,4.224256,1.147012,1.874224,2.015133,2.272876,-1.534882,2.625625,1.0],[-0.257919,-0.826903,0.512379,2.042239,-1.60879,-1.585062,3.249219,1.211583,-2.683331,-0.00612,-2.533037,6.497706,1.0],[0.004663,0.57776,0.894265,-0.310052,0.271933,3.52207,-1.471709,-1.17726,0.5418,0.442485,1.065112,8.119094,1.0],[0.608246,1.278899,-1.390209,-0.445896,-2.176601,0.54818,0.536367,-3.234626,4.124035,-4.265445,-3.092795,3.253525,0.0],[-1.437924,0.854602,0.512178,-1.297032,-2.745258,-3.153335,3.54592,2.972622,-2.041345,3.965131,2.074085,-1.24872,0.0],[1.950982,-2.243292,-0.57528,-2.553443,-0.723988,0.596058,1.031729,-0.071685,-2.688124,-3.169902,-2.555521,-6.555138,1.0],[-0.892377,-0.399228,-2.372868,0.462917,2.649447,-2.256673,1.729388,0.218619,-2.877396,2.731054,3.829758,2.736291,0.0],[-0.053754,0.710237,-2.765459,-0.626837,-0.173907,1.432691,-1.186978,3.236588,0.771578,-0.670532,-2.596775,-0.099955,1.0],[-0.617037,0.552867,0.578313,-0.034006,-0.115409,-2.470269,-0.467679,0.153646,-2.167165,2.08866,-0.063089,4.128484,0.0],[-0.096023,0.882836,1.507798,-1.871409,-0.30563,-3.562863,0.118541,1.143193,1.30084,2.458982,-0.934278,5.162731,0.0],[0.507046,-0.316302,-0.384469,0.452106,-0.567215,0.840201,-1.816275,5.191153,2.868945,4.830829,-2.640348,3.919437,1.0],[1.060814,-0.624731,-1.247059,-4.381378,-1.585159,2.892046,0.574577,3.201773,0.713529,3.840779,10.269699,4.96283,1.0],[-0.11451,-0.648349,-1.155414,-2.201674,-2.773435,1.010692,4.730687,-0.265594,-0.579079,0.56814,2.741968,-5.791145,0.0],[-0.365283,0.24802,3.777449,-1.134931,0.966595,-2.344697,-0.426235,4.871349,0.017225,-8.58,1.331041,4.892946,1.0],[-0.191222,-0.969406,0.345443,-2.599099,0.636385,0.243335,1.519522,2.05849,-0.911797,6.415531,-0.764774,4.641529,1.0],[0.795399,0.55694,-1.833902,-1.606241,1.397602,-1.625581,0.192735,-1.670489,-0.161579,-3.119121,0.805327,-2.252555,0.0],[-0.868476,-0.970049,-0.997205,-2.455682,-0.281165,1.345945,-0.125224,-1.254521,1.521777,-0.258121,-3.483272,1.186042,1.0],[-0.013086,1.435955,-1.828411,-0.715462,-0.576276,-1.405075,-3.425583,2.374674,4.519288,6.430036,0.062936,-3.935392,0.0],[-1.084172,2.456056,0.470243,1.004407,-1.798159,4.228906,1.759205,2.277984,5.455889,-3.562896,-2.073535,2.954399,0.0],[-0.218078,-0.495444,-0.30287,-1.617885,-3.21814,-2.392738,3.609377,1.540919,-3.11481,3.065463,1.45609,7.602133,0.0],[0.964635,0.342795,-0.776134,0.82776,4.521483,-2.070295,2.935236,0.662486,1.987043,-12.867482,-2.783989,4.293659,0.0],[-1.263853,-0.375725,1.496596,0.994693,-0.16469,-1.297308,0.309166,-0.182576,-0.451762,0.804459,0.354848,-1.357267,1.0],[-1.272617,-0.014868,0.212376,-1.416075,0.502669,-1.025974,4.221206,-0.165958,0.322007,-0.776698,-3.63607,-8.158251,0.0],[1.161547,0.163942,-0.185746,4.2511,1.228762,-1.292361,0.724798,-1.268929,6.618828,-0.429064,0.80831,-1.798025,0.0],[-1.320875,-0.269161,0.375329,-1.277907,-3.70297,2.498919,-1.166133,2.317298,-1.434177,-5.017274,1.406842,2.407535,1.0],[0.412536,1.091932,-0.186755,-1.360548,-1.506814,-0.250695,2.986018,-3.470521,-3.429168,-1.822448,1.682753,-9.291071,0.0],[1.323468,-1.184803,0.178697,-3.535635,-1.013256,-2.439351,0.82947,-2.709131,0.896328,5.120012,-3.706978,-11.265102,0.0],[-0.363573,1.188003,-0.445687,0.444523,-0.053163,-0.666861,-0.697093,0.659904,2.937898,7.569433,5.124063,4.836537,0.0],[-0.966371,0.029184,2.032255,-0.365626,-1.833883,2.164785,1.311144,-1.288223,11.523897,8.815822,-0.238105,1.256557,0.0],[0.470097,0.66434,0.152396,0.125466,-1.286294,2.447539,2.790765,0.182873,3.371351,3.439757,-2.032859,5.879658,1.0],[0.283987,0.165745,-1.377011,-0.758944,0.000199,0.23674,2.465326,4.935451,-2.019461,1.409072,4.362683,-0.950111,0.0],[-0.261094,-1.32636,1.855983,3.228057,-1.326223,-0.489247,0.31344,5.385067,4.409047,-2.231457,3.690039,1.89178,1.0],[0.562011,0.126092,-0.972869,0.750759,-0.905048,-2.189193,-0.785411,-1.291692,1.248411,1.445377,-9.715179,8.952972,1.0],[0.029697,-1.409761,-1.164062,-1.010469,-1.206041,1.379738,-1.3689,-5.677591,0.045715,1.031472,-2.450171,5.608167,1.0],[-0.927118,-0.26367,0.797716,-2.055655,0.628527,4.394087,1.153921,1.147901,-2.880162,0.909929,-1.963871,-0.757918,1.0],[1.53604,-0.143624,-0.82662,-1.340194,1.784809,-1.899031,-1.048245,2.514171,-1.987531,2.370416,0.900432,-1.990305,0.0],[-1.085195,-2.552869,0.220166,-1.419312,3.045913,-0.154137,-0.517701,1.821482,8.581321,4.248036,-2.287841,9.097085,1.0],[0.196101,-1.729064,1.768286,0.78154,-1.576764,1.471067,-0.613397,-5.326166,-5.14909,0.744844,2.015122,4.559232,1.0],[1.159177,-1.064424,-1.068302,-0.89552,1.669665,-2.870099,2.499835,-2.947399,0.039767,-5.193461,1.115452,0.65366,0.0],[-0.085774,-0.09136,0.96198,-0.124703,-4.039093,2.398128,0.212168,0.300807,-3.975525,0.270668,0.341543,4.148996,1.0],[0.553935,0.352752,0.141485,1.860565,-0.002498,-0.084257,-2.265926,-1.163771,-1.421709,2.756125,1.804747,0.295831,0.0],[0.329646,-1.129781,-0.04397,-1.99602,-1.781162,4.90693,-2.168799,-4.304326,-2.265684,9.105435,3.894125,-0.741938,1.0],[2.209054,1.895736,0.97807,-0.100811,2.582044,-2.604387,0.469088,3.737362,-1.327394,1.053689,-4.568906,-5.420657,0.0]],[0.0,0.0,0.0,0.0,0.0,0.0,0.0,0.0,0.0,0.0,0.0,0.0]],["logistic",12,20,[[0.242009,0.433932,0.328415,1.124055,-0.7852,-3.463202,-2.890104,6.842519,-2.147667,-1.770611,5.415986,-6.575464,0.0],[0.936897,-0.69105,-1.250602,-4.517231,-0.905621,4.631376,1.811872,8.281821,-1.950409,-0.910197,-15.185294,5.582961,1.0],[0.393044,2.739795,-3.352043,3.699172,-2.353812,3.36602,2.037674,3.412677,-2.997245,-4.525469,-10.55435,-16.246842,1.0],[1.399597,-0.944325,1.942873,-0.750477,1.446099,-2.798962,2.979871,-8.636642,-31.489067,-10.685236,9.985922,27.94825,0.0],[0.615659,-1.269842,2.69125,-2.385266,3.731701,3.428714,-0.383419,-8.142713,-10.811123,-14.145492,-17.908265,-24.038518,0.0],[-1.788886,0.159639,-2.74061,0.592283,2.448787,1.697553,-8.911197,-5.106164,11.692682,-4.725157,-6.205923,-14.57238,1.0],[-0.320924,-1.769575,1.234291,1.431434,-0.572292,0.677847,6.352831,-3.829148,6.101618,10.591027,0.929251,25.008133,0.0],[2.179789,-0.13214,-0.343798,-2.517887,-4.19543,3.270408,1.756435,-4.360303,11.566204,-6.403663,1.967939,-13.117846,1.0],[-2.736306,0.675337,3.622727,-0.984745,-1.078046,2.388489,-0.861807,-3.117143,-5.954195,-0.563778,9.7306,4.621419,0.0],[0.935778,-2.158869,2.096363,3.690536,2.715531,-0.587133,-4.327335,2.733152,-7.03633,4.081359,-16.760217,34.591026,0.0],[1.825303,-0.381311,3.200477,0.025292,-5.171741,-2.343796,6.357937,-3.977981,-4.307708,-8.751983,-13.874548,8.789041,0.0],[1.321725,1.166115,-0.922772,-1.548648,-1.048121,-2.843105,4.600367,9.412477,6.746321,22.22531,2.567842,16.551307,0.0],[-0.57517,2.928957,0.011769,0.79514,-0.955979,-1.016279,0.087082,-12.077931,-7.354984,8.490834,-13.772315,3.452717,0.0],[-1.234609,-1.228621,-4.022066,-1.732694,2.04675,-0.213651,-3.046223,-4.913625,3.094307,6.57576,-13.180234,-5.986413,1.0],[-0.251126,-1.70048,0.018179,-0.628216,0.322658,-0.35402,14.282395,1.717463,-18.601545,-5.869443,-21.542312,24.662995,0.0],[0.549213,-0.770024,0.884932,2.673475,2.71634,-3.458749,15.910453,2.873477,4.38644,-12.703429,21.008474,2.81963,1.0],[-0.147718,-0.830984,-1.391121,1.146008,2.010997,0.482748,-4.033205,18.811552,3.489949,-1.95597,3.946732,14.950544,1.0],[-0.861635,-1.312573,1.539478,-3.349239,3.353239,0.84628,-0.400654,1.70091,-1.082125,5.302326,5.343226,-13.122903,0.0],[-0.103062,0.71009,-2.385641,1.299938,-4.581806,1.148291,8.34224,-0.792528,-2.960751,-0.4362,16.053932,-3.468987,1.0],[-0.966881,-0.20622,1.387229,-2.533615,2.59716,-0.563892,2.008746,0.711477,14.559543,-6.702806,5.455685,15.30351,1.0],[-3.216906,1.343952,2.074797,-0.479555,1.4281,0.960844,7.108827,-12.324724,6.650975,4.67311,-11.007583,20.951525,0.0],[1.607097,-0.578863,1.968099,3.743558,1.705102,-1.540172,2.127515,0.467172,0.56545,10.201299,9.888237,-6.990491,0.0],[1.539603,-0.799189,1.839478,1.428654,-2.736784,1.767065,-9.699682,-14.562362,9.845256,-10.773588,23.204046,5.183342,1.0],[-1.032874,0.324888,0.348376,0.445999,3.267148,-2.77964,-6.318463,4.213996,-0.7526,17.211807,-3.590103,0.337384,0.0],[-0.229323,1.982235,0.083246,-0.676559,2.90429,1.93,-10.694985,-0.3133,2.512304,22.618418,-16.953297,-35.725496,0.0],[-0.597354,1.044221,0.438593,2.421884,1.622551,3.625611,-1.435821,-1.906957,4.575795,7.290374,32.031341,16.883921,1.0],[-0.418911,1.150356,-1.172225,-3.495463,2.766438,-1.760942,-4.007555,5.399177,11.85592,4.559453,4.933686,18.420569,1.0],[0.612293,0.679177,1.681657,1.504695,-1.123688,-3.713171,-0.846108,-6.014387,0.547496,-0.392621,28.300833,-8.135702,0.0],[0.071294,-0.466656,-2.40517,5.960354,3.795019,-3.267602,9.687072,-2.705818,0.490509,-3.822683,18.622721,-42.255307,1.0],[0.808107,2.928535,1.46738,-0.393719,-3.429837,-0.120177,5.332802,-7.273319,12.739467,24.401993,-5.977437,29.398997,0.0],[1.024752,1.01101,-1.245714,3.837989,2.535445,-1.092698,-3.865996,-2.83506,-4.945093,-11.755428,-24.95015,-6.64138,1.0],[1.806931,-0.374643,2.144013,-2.424017,1.030357,-6.684739,11.273658,1.996256,3.178961,12.728725,15.094361,48.8589,0.0],[1.04568,1.325394,-0.953346,-3.03919,3.115991,5.847885,-0.200174,5.901304,0.39812,22.949511,-12.837296,-24.599317,0.0],[1.937234,0.047159,-0.068436,-0.421205,0.917465,-1.76643,0.178499,-4.453625,4.128893,-6.331912,-4.87433,